0.011
0.002
0.001
0.002
0
0.002
0.002
0.002
0.002
0
0.002
0
0.002
0.001
0.001
0.002
0.001
0.001
0.001
0.002
0.002
0.002
0.001
0.002
0.001
0.002
0.002
0.001
0.001
0.001
0.005
0.002
0.003
0.003
0.002
0.003
0.003
0.001
0.003
0.003
0.002
0.003
0.003
0.003
0.003
0.002
0.003
0.002
0.002
0.003
0.002
0.002
0.003
0.003
0.002
0.002
0.002
0.003
0.002
0.002
0.005
0.004
0.004
0.004
0.003
0.003
0.004
0.005
0.005
0.003
0.004
0.003
0.005
0.005
0.012
0.005
0.005
0.005
0.005
0.005
0.005
0.005
0.005
0.005
0.005
0.005
0.005
0.005
0.005
0.005
0.007
0.006
0.006
0.008
0.008
0.007
0.008
0.007
0.006
0.008
0.008
0.007
0.008
0.008
0.007
0.008
0.007
0.007
0.007
0.008
0.008
0.007
0.007
0.008
0.008
0.006
0.005
0.005
0.006
0.006
0.008
0.008
0.009
0.007
0.008
0.007
0.008
0.011
0.007
0.008
0.007
0.007
0.007
0.008
0.008
0.009
0.008
0.006
0.007
0.007
0.007
0.007
0.008
0.007
0.008
0.008
0.008
0.008
0.008
0.008
0.01
0.01
0.009
0.01
0.01
0.011
0.01
0.011
0.011
0.01
0.01
0.011
0.01
0.009
0.01
0.01
0.01
0.01
0.01
0.009
0.01
0.01
0.01
0.009
0.009
0.009
0.01
0.009
0.01
0.01
0.013
0.013
0.012
0.012
0.012
0.013
0.012
0.013
0.013
0.013
0.011
0.013
0.012
0.011
0.013
0.013
0.013
0.012
0.012
0.011
0.012
0.011
0.012
0.012
0.013
0.013
0.012
0.012
0.013
0.012
0.014
0.014
0.017
0.015
0.014
0.014
0.015
0.014
0.015
0.015
0.016
0.015
0.015
0.015
0.013
0.015
0.014
0.015
0.015
0.015
0.015
0.016
0.016
0.015
0.014
0.016
0.016
0.015
0.015
0.016
0.019
0.018
0.019
0.019
0.018
0.017
0.017
0.019
0.019
0.018
0.017
0.019
0.018
0.018
0.018
0.018
0.036
0.019
0.019
0.019
0.019
0.018
0.018
0.018
0.02
0.017
0.018
0.019
0.019
0.018
0.022
0.022
0.021
0.022
0.021
0.023
0.022
0.021
0.023
0.023
0.022
0.021
0.022
0.022
0.02
0.02
0.022
0.022
0.021
0.022
0.022
0.02
0.02
0.022
0.021
0.022
0.021
0.02
0.021
0.024
0.024
0.026
0.024
0.026
0.025
0.025
0.025
0.026
0.024
0.025
0.024
0.026
0.025
0.025
0.025
0.026
0.024
0.025
0.026
0.025
0.026
0.025
0.025
0.025
0.025
0.026
0.026
0.031
0.026
0.024
0.024
0.025
0.024
0.024
0.023
0.024
0.024
0.024
0.023
0.024
0.024
0.025
0.025
0.023
0.025
0.024
0.023
0.024
0.024
0.023
0.023
0.025
0.024
0.024
0.024
0.024
0.025
0.023
0.024
0.024
0.027
0.027
0.028
0.027
0.027
0.026
0.028
0.028
0.028
0.026
0.027
0.027
0.027
0.027
0.028
0.027
0.026
0.026
0.027
0.028
0.028
0.027
0.027
0.029
0.026
0.029
0.028
0.026
0.026
0.028
0.032
0.029
0.032
0.031
0.03
0.031
0.031
0.029
0.031
0.03
0.03
0.03
0.03
0.031
0.03
0.03
0.031
0.033
0.032
0.03
0.032
0.031
0.032
0.031
0.03
0.03
0.032
0.029
0.03
0.031
0.034
0.035
0.035
0.033
0.033
0.035
0.035
0.035
0.034
0.036
0.036
0.033
0.033
0.034
0.034
0.033
0.036
0.035
0.034
0.035
0.035
0.033
0.033
0.035
0.035
0.037
0.037
0.035
0.034
0.034
0.041
0.04
0.041
0.039
0.039
0.037
0.037
0.037
0.037
0.038
0.038
0.039
0.039
0.038
0.038
0.039
0.04
0.037
0.037
0.038
0.039
0.038
0.039
0.04
0.037
0.039
0.039
0.039
0.039
0.039
0.044
0.043
0.043
0.042
0.044
0.043
0.044
0.043
0.046
0.045
0.043
0.041
0.043
0.043
0.044
0.041
0.041
0.043
0.043
0.041
0.043
0.043
0.045
0.043
0.044
0.042
0.043
0.041
0.042
0.042
0.046
0.046
0.047
0.048
0.047
0.047
0.047
0.045
0.046
0.046
0.039
0.041
0.039
0.04
0.038
0.04
0.041
0.039
0.04
0.039
0.042
0.041
0.042
0.04
0.038
0.039
0.039
0.039
0.038
0.042
0.044
0.044
0.043
0.044
0.044
0.044
0.045
0.044
0.044
0.045
0.044
0.043
0.043
0.045
0.044
0.045
0.044
0.043
0.044
0.044
0.043
0.045
0.056
0.045
0.043
0.042
0.045
0.044
0.044
0.046
0.049
0.047
0.047
0.048
0.048
0.048
0.047
0.05
0.051
0.049
0.047
0.048
0.048
0.048
0.048
0.048
0.047
0.048
0.048
0.048
0.049
0.05
0.049
0.048
0.047
0.047
0.049
0.046
0.048
0.049
0.052
0.053
0.055
0.052
0.053
0.054
0.052
0.052
0.052
0.051
0.051
0.051
0.052
0.052
0.051
0.054
0.051
0.052
0.052
0.053
0.051
0.052
0.053
0.051
0.055
0.051
0.053
0.054
0.052
0.052
0.055
0.056
0.057
0.057
0.061
0.057
0.056
0.055
0.055
0.058
0.058
0.055
0.057
0.058
0.056
0.058
0.055
0.057
0.055
0.057
0.056
0.048
0.048
0.049
0.049
0.048
0.049
0.047
0.048
0.05
0.053
0.052
0.053
0.052
0.052
0.052
0.053
0.052
0.052
0.053
0.056
0.052
0.053
0.052
0.052
0.054
0.052
0.053
0.052
0.054
0.052
0.053
0.052
0.054
0.052
0.052
0.052
0.052
0.052
0.053
0.059
0.056
0.056
0.057
0.057
0.058
0.057
0.057
0.057
0.058
0.056
0.057
0.057
0.057
0.058
0.056
0.057
0.059
0.058
0.057
0.06
0.057
0.057
0.057
0.058
0.058
0.057
0.056
0.057
0.057
0.06
0.062
0.062
0.062
0.06
0.06
0.061
0.061
0.061
0.062
0.06
0.061
0.06
0.062
0.06
0.063
0.061
0.061
0.061
0.062
0.061
0.059
0.062
0.061
0.06
0.06
0.06
0.062
0.063
0.059
0.067
0.065
0.067
0.065
0.064
0.064
0.065
0.065
0.065
0.066
0.064
0.064
0.072
0.069
0.066
0.067
0.065
0.066
0.067
0.068
0.067
0.058
0.058
0.058
0.059
0.057
0.058
0.058
0.057
0.059
0.062
0.062
0.062
0.061
0.061
0.062
0.062
0.062
0.063
0.061
0.061
0.062
0.061
0.061
0.062
0.063
0.061
0.062
0.063
0.063
0.062
0.061
0.063
0.062
0.062
0.063
0.062
0.062
0.061
0.062
0.066
0.065
0.065
0.066
0.065
0.065
0.066
0.066
0.067
0.066
0.067
0.066
0.066
0.065
0.065
0.065
0.066
0.065
0.066
0.066
0.066
0.067
0.066
0.074
0.065
0.066
0.065
0.065
0.07
0.066
0.071
0.077
0.073
0.071
0.074
0.079
0.07
0.07
0.07
0.073
0.069
0.073
0.071
0.069
0.072
0.07
0.075
0.071
0.071
0.074
0.068
0.074
0.075
0.07
0.07
0.075
0.072
0.07
0.078
0.075
0.076
0.072
0.074
0.073
0.074
0.09
0.078
0.074
0.076
0.073
0.074
0.075
0.075
0.073
0.072
0.074
0.074
0.074
0.074
0.075
0.074
0.074
0.075
0.074
0.075
0.073
0.073
0.073
0.073
0.077
0.078
0.081
0.08
0.079
0.079
0.079
0.079
0.08
0.08
0.079
0.078
0.079
0.084
0.079
0.079
0.079
0.079
0.08
0.078
0.081
0.079
0.078
0.08
0.079
0.08
0.079
0.078
0.079
0.078
0.079
0.083
0.084
0.083
0.085
0.082
0.083
0.083
0.083
0.082
0.082
0.084
0.083
0.084
0.083
0.083
0.085
0.084
0.084
0.082
0.082
0.083
0.083
0.085
0.083
0.082
0.083
0.083
0.082
0.085
0.083
0.091
0.089
0.089
0.087
0.091
0.088
0.09
0.088
0.088
0.09
0.089
0.089
0.087
0.088
0.091
0.088
0.088
0.088
0.089
0.09
0.087
0.089
0.089
0.087
0.087
0.089
0.088
0.087
0.088
0.088
0.092
0.093
0.091
0.105
0.093
0.093
0.093
0.094
0.092
0.094
0.099
0.091
0.093
0.096
0.104
0.094
0.095
0.097
0.108
0.107
0.106
0.105
0.106
0.105
0.107
0.107
0.105
0.105
0.105
0.105
0.112
0.113
0.11
0.111
0.109
0.112
0.112
0.111
0.111
0.111
0.113
0.112
0.112
0.109
0.112
0.112
0.113
0.113
0.11
0.119
0.114
0.112
0.112
0.111
0.112
0.111
0.11
0.11
0.11
0.111
0.118
0.118
0.118
0.117
0.118
0.116
0.119
0.116
0.117
0.116
0.117
0.117
0.115
0.116
0.119
0.13
0.117
0.117
0.116
0.118
0.118
0.116
0.118
0.119
0.119
0.115
0.118
0.119
0.117
0.117
0.125
0.123
0.127
0.125
0.122
0.124
0.125
0.123
0.125
0.138
0.131
0.131
0.124
0.13
0.128
0.125
0.127
0.125
0.127
0.127
0.126
0.125
0.125
0.125
0.125
0.13
0.14
0.125
0.123
0.125
0.13
0.131
0.128
0.131
0.131
0.129
0.13
0.129
0.127
0.129
0.127
0.13
0.131
0.128
0.129
0.137
0.131
0.134
0.131
0.129
0.13
0.134
0.136
0.133
0.134
0.13
0.129
0.127
0.131
0.138
0.143
0.137
0.135
0.143
0.141
0.15
0.146
0.144
0.144
0.144
0.138
0.148
0.147
0.144
0.142
0.143
0.143
0.144
0.144
0.146
0.147
0.138
0.146
0.137
0.134
0.135
0.137
0.139
0.134
0.136
0.142
0.139
0.142
0.144
0.141
0.144
0.142
0.142
0.142
0.143
0.143
0.143
0.142
0.142
0.141
0.141
0.141
0.144
0.14
0.143
0.143
0.142
0.141
0.143
0.142
0.141
0.142
0.142
0.14
0.144
0.15
0.15
0.151
0.152
0.151
0.15
0.149
0.149
0.151
0.149
0.151
0.148
0.149
0.148
0.152
0.149
0.148
0.151
0.146
0.15
0.147
0.168
0.15
0.149
0.148
0.148
0.15
0.149
0.148
0.147
0.154
0.155
0.153
0.155
0.154
0.154
0.153
0.153
0.154
0.156
0.155
0.154
0.154
0.154
0.155
0.153
0.158
0.154
0.158
0.157
0.157
0.157
0.154
0.154
0.155
0.154
0.156
0.157
0.155
0.157
0.159
0.161
0.163
0.162
0.162
0.164
0.162
0.16
0.162
0.164
0.162
0.163
0.159
0.167
0.165
0.161
0.165
0.161
0.162
0.161
0.162
0.165
0.161
0.163
0.16
0.162
0.161
0.161
0.161
0.164
0.17
0.173
0.174
0.17
0.17
0.17
0.169
0.169
0.17
0.17
0.169
0.172
0.168
0.172
0.254
0.324
0.314
0.325
0.312
0.311
0.314
0.316
0.312
0.315
0.311
0.28
0.17
0.172
0.169
0.171
0.18
0.175
0.177
0.174
0.177
0.172
0.177
0.177
0.177
0.177
0.174
0.176
0.174
0.175
0.174
0.174
0.174
0.174
0.177
0.174
0.174
0.176
0.174
0.175
0.174
0.173
0.176
0.176
0.174
0.177
0.185
0.182
0.181
0.182
0.181
0.18
0.183
0.184
0.184
0.182
0.183
0.181
0.183
0.186
0.182
0.18
0.18
0.179
0.181
0.183
0.181
0.179
0.182
0.182
0.181
0.179
0.182
0.184
0.183
0.181
0.194
0.188
0.188
0.19
0.19
0.192
0.189
0.19
0.192
0.191
0.188
0.191
0.19
0.189
0.19
0.191
0.19
0.189
0.205
0.188
0.192
0.189
0.191
0.189
0.188
0.189
0.189
0.191
0.19
0.192
0.195
0.201
0.196
0.195
0.196
0.195
0.199
0.195
0.197
0.198
0.199
0.198
0.199
0.196
0.196
0.197
0.196
0.199
0.198
0.199
0.201
0.199
0.204
0.207
0.194
0.197
0.196
0.195
0.196
0.196
0.204
0.24
0.206
0.204
0.204
0.206
0.206
0.205
0.204
0.205
0.206
0.204
0.204
0.207
0.204
0.203
0.203
0.204
0.204
0.204
0.205
0.21
0.203
0.209
0.247
0.225
0.205
0.234
0.24
0.204
0.252
0.214
0.228
0.214
0.212
0.214
0.213
0.213
0.215
0.211
0.21
0.223
0.212
0.212
0.215
0.213
0.213
0.212
0.214
0.225
0.215
0.213
0.213
0.227
0.225
0.211
0.213
0.209
0.212
0.213
0.221
0.221
0.222
0.22
0.219
0.223
0.224
0.221
0.22
0.222
0.22
0.219
0.219
0.219
0.218
0.22
0.219
0.22
0.22
0.218
0.226
0.222
0.219
0.221
0.22
0.22
0.22
0.221
0.22
0.222
0.228
0.229
0.227
0.226
0.23
0.228
0.229
0.237
0.226
0.234
0.23
0.228
0.23
0.228
0.23
0.229
0.226
0.228
0.231
0.226
0.227
0.229
0.231
0.228
0.227
0.228
0.232
0.227
0.228
0.231
0.237
0.236
0.236
0.238
0.236
0.239
0.236
0.24
0.236
0.235
0.237
0.238
0.236
0.234
0.237
0.237
0.253
0.236
0.239
0.236
0.237
0.237
0.239
0.234
0.236
0.24
0.237
0.236
0.235
0.238
0.244
0.245
0.246
0.246
0.246
0.246
0.243
0.246
0.242
0.242
0.244
0.242
0.245
0.243
0.244
0.244
0.244
0.245
0.244
0.245
0.246
0.242
0.258
0.243
0.242
0.244
0.247
0.244
0.245
0.244
0.255
0.252
0.254
0.254
0.252
0.252
0.253
0.252
0.25
0.254
0.256
0.253
0.257
0.255
0.252
0.252
0.253
0.258
0.253
0.251
0.255
0.252
0.252
0.254
0.252
0.253
0.255
0.254
0.255
0.251
0.264
0.264
0.263
0.261
0.262
0.259
0.277
0.263
0.261
0.26
0.262
0.265
0.261
0.263
0.263
0.263
0.258
0.277
0.263
0.262
0.258
0.261
0.26
0.262
0.263
0.262
0.276
0.276
0.279
0.261
0.281
0.292
0.278
0.271
0.279
0.287
0.276
0.269
0.269
0.269
0.27
0.273
0.272
0.27
0.273
0.268
0.273
0.271
0.268
0.274
0.273
0.271
0.269
0.273
0.272
0.276
0.269
0.269
0.27
0.269
0.279
0.28
0.279
0.278
0.281
0.278
0.279
0.28
0.281
0.283
0.28
0.278
0.28
0.283
0.277
0.278
0.284
0.278
0.28
0.28
0.284
0.281
0.278
0.277
0.281
0.277
0.278
0.279
0.281
0.276
0.29
0.288
0.287
0.289
0.287
0.29
0.288
0.289
0.291
0.286
0.29
0.288
0.286
0.286
0.286
0.289
0.284
0.293
0.291
0.291
0.289
0.288
0.287
0.291
0.292
0.29
0.291
0.289
0.288
0.291
0.297
0.297
0.298
0.301
0.298
0.299
0.299
0.297
0.299
0.301
0.305
0.3
0.297
0.3
0.298
0.297
0.302
0.297
0.296
0.296
0.299
0.297
0.3
0.299
0.296
0.299
0.298
0.296
0.297
0.297
0.306
0.309
0.308
0.309
0.307
0.308
0.307
0.31
0.307
0.306
0.309
0.309
0.308
0.304
0.31
0.311
0.306
0.309
0.309
0.302
0.305
0.306
0.307
0.308
0.306
0.307
0.307
0.307
0.308
0.309
0.315
0.317
0.323
0.316
0.316
0.316
0.316
0.318
0.318
0.321
0.316
0.313
0.319
0.318
0.323
0.317
0.32
0.317
0.315
0.318
0.317
0.318
0.313
0.315
0.316
0.314
0.314
0.332
0.317
0.315
0.325
0.325
0.323
0.328
0.327
0.326
0.328
0.325
0.327
0.326
0.331
0.326
0.327
0.343
0.331
0.326
0.323
0.324
0.322
0.322
0.321
0.32
0.32
0.324
0.325
0.323
0.324
0.323
0.321
0.32
0.333
0.334
0.33
0.332
0.335
0.332
0.332
0.333
0.337
0.337
0.337
0.336
0.338
0.334
0.333
0.335
0.333
0.339
0.336
0.335
0.333
0.336
0.373
0.34
0.339
0.348
0.338
0.336
0.352
0.343
0.35
0.343
0.351
0.348
0.346
0.345
0.346
0.359
0.347
0.348
0.349
0.345
0.348
0.348
0.345
0.346
0.344
0.361
0.344
0.346
0.344
0.348
0.341
0.344
0.348
0.358
0.342
0.348
0.35
0.345
0.356
0.356
0.358
0.382
0.368
0.359
0.356
0.354
0.357
0.371
0.353
0.389
0.358
0.356
0.359
0.354
0.354
0.356
0.36
0.354
0.355
0.352
0.352
0.355
0.355
0.355
0.356
0.354
0.358
0.357
0.368
0.362
0.365
0.365
0.368
0.367
0.382
0.368
0.366
0.364
0.366
0.366
0.367
0.365
0.369
0.384
0.366
0.365
0.379
0.374
0.371
0.374
0.376
0.372
0.37
0.368
0.365
0.366
0.367
0.362
0.374
0.373
0.372
0.373
0.379
0.373
0.377
0.375
0.387
0.373
0.377
0.376
0.375
0.376
0.376
0.378
0.373
0.373
0.374
0.374
0.373
0.374
0.371
0.374
0.375
0.369
0.374
0.373
0.386
0.378
0.388
0.401
0.408
0.385
0.391
0.385
0.39
0.386
0.388
0.387
0.385
0.385
0.384
0.388
0.389
0.389
0.384
0.385
0.383
0.387
0.388
0.386
0.382
0.386
0.388
0.409
0.386
0.381
0.381
0.385
0.394
0.396
0.39
0.395
0.423
0.407
0.407
0.397
0.393
0.411
0.406
0.407
0.398
0.395
0.401
0.399
0.393
0.398
0.399
0.397
0.395
0.4
0.394
0.395
0.39
0.396
0.393
0.395
0.396
0.394
0.407
0.409
0.404
0.404
0.407
0.406
0.406
0.405
0.408
0.405
0.406
0.411
0.413
0.405
0.421
0.416
0.409
0.423
0.408
0.397
0.362
0.36
0.36
0.36
0.36
0.36
0.36
0.36
0.36
0.361
0.37
0.369
0.369
0.37
0.372
0.372
0.374
0.372
0.369
0.38
0.367
0.366
0.37
0.369
0.372
0.373
0.371
0.367
0.369
0.372
0.369
0.371
0.37
0.371
0.367
0.37
0.371
0.39
0.369
0.368
0.384
0.38
0.378
0.382
0.378
0.379
0.381
0.378
0.375
0.38
0.38
0.381
0.382
0.382
0.379
0.38
0.381
0.38
0.378
0.375
0.381
0.391
0.383
0.378
0.379
0.38
0.387
0.382
0.381
0.38
0.388
0.389
0.391
0.39
0.389
0.391
0.389
0.393
0.387
0.391
0.388
0.388
0.389
0.39
0.389
0.389
0.393
0.388
0.389
0.394
0.389
0.389
0.389
0.385
0.386
0.392
0.391
0.39
0.388
0.387
0.413
0.399
0.396
0.401
0.401
0.397
0.404
0.398
0.399
0.419
0.405
0.398
0.402
0.399
0.427
0.411
0.409
0.4
0.402
0.397
0.405
0.402
0.399
0.398
0.398
0.403
0.401
0.397
0.401
0.399
0.409
0.409
0.423
0.41
0.41
0.41
0.411
0.41
0.409
0.412
0.407
0.406
0.409
0.409
0.435
0.443
0.41
0.407
0.408
0.438
0.411
0.412
0.41
0.408
0.411
0.412
0.41
0.415
0.409
0.412
0.421
0.419
0.42
0.421
0.419
0.416
0.419
0.42
0.42
0.418
0.421
0.42
0.42
0.421
0.435
0.422
0.422
0.416
0.43
0.425
0.421
0.422
0.427
0.422
0.428
0.42
0.426
0.422
0.42
0.419
0.436
0.431
0.429
0.431
0.43
0.429
0.429
0.43
0.429
0.443
0.432
0.43
0.431
0.429
0.428
0.427
0.432
0.432
0.43
0.447
0.433
0.431
0.434
0.429
0.431
0.441
0.433
0.43
0.434
0.447
0.46
0.452
0.458
0.441
0.44
0.451
0.44
0.441
0.447
0.442
0.438
0.441
0.44
0.439
0.442
0.451
0.438
0.442
0.44
0.442
0.444
0.442
0.439
0.457
0.441
0.439
0.444
0.454
0.445
0.477
0.453
0.45
0.474
0.453
0.463
0.452
0.453
0.456
0.451
0.457
0.454
0.456
0.452
0.454
0.452
0.451
0.462
0.454
0.45
0.454
0.45
0.455
0.449
0.452
0.453
0.453
0.464
0.451
0.452
0.452
0.46
0.462
0.462
0.471
0.469
0.46
0.469
0.461
0.467
0.463
0.462
0.458
0.464
0.461
0.461
0.456
0.463
0.466
0.461
0.463
0.467
0.461
0.459
0.466
0.466
0.462
0.471
0.455
0.459
0.464
0.472
0.473
0.473
0.467
0.472
0.482
0.475
0.472
0.481
0.486
0.502
0.473
0.474
0.471
0.476
0.471
0.476
0.472
0.472
0.471
0.472
0.469
0.473
0.47
0.472
0.474
0.473
0.47
0.47
0.473
0.483
0.491
0.487
0.484
0.482
0.482
0.478
0.484
0.505
0.491
0.494
0.487
0.491
0.486
0.488
0.482
0.484
0.485
0.491
0.481
0.478
0.478
0.478
0.479
0.475
0.475
0.479
0.478
0.481
0.479
0.498
0.492
0.496
0.497
0.496
0.491
0.496
0.496
0.495
0.496
0.498
0.498
0.499
0.497
0.498
0.494
0.527
0.497
0.497
0.492
0.496
0.492
0.493
0.494
0.49
0.494
0.491
0.492
0.494
0.49
0.503
0.503
0.501
0.511
0.499
0.504
0.502
0.513
0.497
0.506
0.512
0.507
0.507
0.51
0.508
0.513
0.506
0.505
0.506
0.508
0.506
0.51
0.505
0.509
0.503
0.506
0.505
0.507
0.507
0.506
0.525
0.517
0.522
0.531
0.522
0.521
0.518
0.532
0.518
0.517
0.52
0.517
0.524
0.514
0.516
0.519
0.526
0.525
0.521
0.535
0.515
0.513
0.515
0.514
0.516
0.519
0.519
0.518
0.518
0.516
0.533
0.533
0.54
0.534
0.53
0.526
0.525
0.528
0.523
0.538
0.526
0.526
0.523
0.553
0.536
0.533
0.533
0.534
0.526
0.527
0.528
0.529
0.528
0.527
0.546
0.532
0.529
0.531
0.53
0.534
0.539
0.545
0.542
0.539
0.537
0.542
0.558
0.548
0.549
0.542
0.562
0.542
0.54
0.544
0.541
0.539
0.54
0.539
0.542
0.538
0.538
0.542
0.547
0.542
0.542
0.54
0.544
0.538
0.537
0.545
