100,
100,
36.9248,
31.6987,
26.2304,
45.0484,
20.9159,
18.8746,
16.2461,
15.6823,
15.5735,
14.4825,
14.2976,
13.4095,
13.3126,
12.2295,
12.2627,
11.5455,
12.7583,
11.3792,
10.1976,
9.56766,
10.7459,
11.0434,
11.3949,
10.8236,
10.0479,
9.41521,
10.1433,
9.58364,
9.78956,
8.75432,
8.95778,
9.81889,
9.82541,
9.38859,
8.44858,
8.59977,
9.16456,
7.16581,
7.78706,
8.47953,
7.16687,
7.46997,
7.51462,
7.37902,
7.59382,
7.33313,
8.60195,
6.75304,
8.25169,
8.03336,
7.9563,
8.11758,
8.09297,
7.40269,
8.12494,
5.76799,
6.4769,
6.6357,
6.55593,
6.7623,
6.63159,
6.90024,
6.36496,
6.27874,
7.45326,
6.63687,
7.43383,
6.93213,
6.83603,
6.49912,
7.2484,
6.31653,
6.06332,
6.65402,
6.62076,
7.15139,
6.4853,
5.94139,
5.50526,
6.17728,
6.25685,
6.03518,
6.46398,
6.0921,
5.61217,
5.80627,
6.20454,
6.48414,
5.58388,
5.58397,
5.28848,
5.53314,
6.2728,
5.42662,
6.12709,
5.24154,
