(10, 0),(-5, 8.66025),(-5, -8.66025),
(10, 0),(6.12323e-16, 10),(-10, 1.22465e-15),(-1.83697e-15, -10),
(10, 0),(3.09017, 9.51057),(-8.09017, 5.87785),(-8.09017, -5.87785),(3.09017, -9.51057),
(10, 0),(5, 8.66025),(-5, 8.66025),(-10, 1.22465e-15),(-5, -8.66025),(5, -8.66025),
(10, 0),(6.2349, 7.81831),(-2.22521, 9.74928),(-9.00969, 4.33884),(-9.00969, -4.33884),(-2.22521, -9.74928),(6.2349, -7.81831),
(10, 0),(7.07107, 7.07107),(6.12323e-16, 10),(-7.07107, 7.07107),(-10, 1.22465e-15),(-7.07107, -7.07107),(-1.83697e-15, -10),(7.07107, -7.07107),
(10, 0),(7.66044, 6.42788),(1.73648, 9.84808),(-5, 8.66025),(-9.39693, 3.4202),(-9.39693, -3.4202),(-5, -8.66025),(1.73648, -9.84808),(7.66044, -6.42788),
(10, 0),(8.09017, 5.87785),(3.09017, 9.51057),(-3.09017, 9.51057),(-8.09017, 5.87785),(-10, 1.22465e-15),(-8.09017, -5.87785),(-3.09017, -9.51057),(3.09017, -9.51057),(8.09017, -5.87785),
(10, 0),(8.41254, 5.40641),(4.15415, 9.09632),(-1.42315, 9.89821),(-6.54861, 7.5575),(-9.59493, 2.81733),(-9.59493, -2.81733),(-6.54861, -7.5575),(-1.42315, -9.89821),(4.15415, -9.09632),(8.41254, -5.40641),
(10, 0),(8.66025, 5),(5, 8.66025),(6.12323e-16, 10),(-5, 8.66025),(-8.66025, 5),(-10, 1.22465e-15),(-8.66025, -5),(-5, -8.66025),(-1.83697e-15, -10),(5, -8.66025),(8.66025, -5),
(10, 0),(8.85456, 4.64723),(5.68065, 8.22984),(1.20537, 9.92709),(-3.54605, 9.35016),(-7.48511, 6.63123),(-9.70942, 2.39316),(-9.70942, -2.39316),(-7.48511, -6.63123),(-3.54605, -9.35016),(1.20537, -9.92709),(5.68065, -8.22984),(8.85456, -4.64723),
(10, 0),(9.00969, 4.33884),(6.2349, 7.81831),(2.22521, 9.74928),(-2.22521, 9.74928),(-6.2349, 7.81831),(-9.00969, 4.33884),(-10, 1.22465e-15),(-9.00969, -4.33884),(-6.2349, -7.81831),(-2.22521, -9.74928),(2.22521, -9.74928),(6.2349, -7.81831),(9.00969, -4.33884),
(10, 0),(9.13545, 4.06737),(6.69131, 7.43145),(3.09017, 9.51057),(-1.04528, 9.94522),(-5, 8.66025),(-8.09017, 5.87785),(-9.78148, 2.07912),(-9.78148, -2.07912),(-8.09017, -5.87785),(-5, -8.66025),(-1.04528, -9.94522),(3.09017, -9.51057),(6.69131, -7.43145),(9.13545, -4.06737),
(10, 0),(9.2388, 3.82683),(7.07107, 7.07107),(3.82683, 9.2388),(6.12323e-16, 10),(-3.82683, 9.2388),(-7.07107, 7.07107),(-9.2388, 3.82683),(-10, 1.22465e-15),(-9.2388, -3.82683),(-7.07107, -7.07107),(-3.82683, -9.2388),(-1.83697e-15, -10),(3.82683, -9.2388),(7.07107, -7.07107),(9.2388, -3.82683),
(10, 0),(9.32472, 3.61242),(7.39009, 6.73696),(4.45738, 8.95163),(0.922684, 9.95734),(-2.73663, 9.61826),(-6.02635, 7.98017),(-8.50217, 5.26432),(-9.82973, 1.8375),(-9.82973, -1.8375),(-8.50217, -5.26432),(-6.02635, -7.98017),(-2.73663, -9.61826),(0.922684, -9.95734),(4.45738, -8.95163),(7.39009, -6.73696),(9.32472, -3.61242),
(10, 0),(9.39693, 3.4202),(7.66044, 6.42788),(5, 8.66025),(1.73648, 9.84808),(-1.73648, 9.84808),(-5, 8.66025),(-7.66044, 6.42788),(-9.39693, 3.4202),(-10, 1.22465e-15),(-9.39693, -3.4202),(-7.66044, -6.42788),(-5, -8.66025),(-1.73648, -9.84808),(1.73648, -9.84808),(5, -8.66025),(7.66044, -6.42788),(9.39693, -3.4202),
(10, 0),(9.45817, 3.24699),(7.89141, 6.14213),(5.46948, 8.37166),(2.45485, 9.694),(-0.825793, 9.96584),(-4.01695, 9.15773),(-6.77282, 7.35724),(-8.79474, 4.75947),(-9.86361, 1.64595),(-9.86361, -1.64595),(-8.79474, -4.75947),(-6.77282, -7.35724),(-4.01695, -9.15773),(-0.825793, -9.96584),(2.45485, -9.694),(5.46948, -8.37166),(7.89141, -6.14213),(9.45817, -3.24699),
(10, 0),(9.51057, 3.09017),(8.09017, 5.87785),(5.87785, 8.09017),(3.09017, 9.51057),(6.12323e-16, 10),(-3.09017, 9.51057),(-5.87785, 8.09017),(-8.09017, 5.87785),(-9.51057, 3.09017),(-10, 1.22465e-15),(-9.51057, -3.09017),(-8.09017, -5.87785),(-5.87785, -8.09017),(-3.09017, -9.51057),(-1.83697e-15, -10),(3.09017, -9.51057),(5.87785, -8.09017),(8.09017, -5.87785),(9.51057, -3.09017),
