0.003,
0.007,
0.011,
0.015,
0.019,
0.026,
0.038,
0.046,
0.057,
0.08,
0.095,
0.086,
0.15,
0.153,
0.174,
0.202,
0.245,
0.272,
0.269,
0.466,
0.342,
0.32,
0.331,
0.433,
0.455,
0.421,
0.619,
0.647,
0.605,
0.73,
0.703,
0.698,
0.738,
0.686,
0.739,
0.792,
0.813,
0.762,
1.063,
0.99,
1.226,
1.094,
1.082,
0.975,
1.193,
1.175,
1.191,
0.889,
0.969,
1.123,
1.299,
1.187,
1.249,
0.959,
0.987,
1.206,
1.22,
1.363,
1.455,
1.371,
1.671,
1.608,
1.866,
2.201,
1.895,
2.209,
1.981,
1.664,
1.858,
2.38,
2.068,
2.167,
2.418,
2.494,
2.173,
2.857,
2.642,
2.623,
2.84,
2.578,
2.631,
2.616,
2.972,
3.385,
2.992,
2.956,
3.97,
4.205,
3.728,
3.925,
3.871,
3.592,
3.43,
3.9,
4.003,
4.865,
4.146,
4.678,
