0.002,
0.001,
0.002,
0.002,
0.003,
0.006,
0.007,
0.009,
0.011,
0.016,
0.019,
0.025,
0.03,
0.038,
0.043,
0.103,
0.073,
0.084,
0.098,
0.112,
0.101,
0.115,
0.13,
0.147,
0.164,
0.181,
0.201,
0.225,
0.265,
0.272,
0.3,
0.324,
0.316,
0.321,
0.35,
0.38,
0.412,
0.439,
0.475,
0.514,
0.551,
0.505,
0.561,
0.578,
0.615,
0.662,
0.737,
0.644,
0.682,
0.726,
0.774,
0.813,
0.757,
0.798,
0.843,
0.894,
0.934,
0.984,
1.034,
1.086,
1.137,
1.195,
1.265,
1.304,
1.369,
1.424,
1.495,
1.548,
1.658,
1.755,
1.756,
1.839,
1.917,
2.004,
2.066,
2.158,
2.256,
2.34,
2.516,
2.495,
2.656,
2.68,
2.797,
2.927,
2.984,
3.114,
3.186,
3.321,
3.424,
3.517,
3.77,
3.752,
3.897,
4.013,
4.219,
4.271,
4.453,
4.521,
